0
[96,1,9]
1
[2,3]
2
[4]
6
[5]
8
[7]
10
[10,16,121,122,123,124,125,126,127,128,129,130]
16
[12,13,14,15]
17
[17,18]
18
[19,20,21]
19
[22]
20
[24]
21
[26,27,28,29]
22
[30,32,33]
23
[35]
26
[37]
27
[39,40,41]
28
[42,44]
29
[83,84,86]
31
[45]
33
[47]
34
[49,50]
35
[34]
36
[34,106]
37
[34]
38
[34]
42
[53,54,55,56]
43
[57]
45
[103]
46
[61]
48
[34,109]
52
[34]
53
[51]
56
[34]
57
[65,66,67]
58
[68]
59
[70,72,79]
60
[59]
63
[34]
66
[63]
67
[34]
70
[151,110]
71
[101,179]
74
[34]
76
[73]
79
[34,107]
80
[75]
82
[78]
85
[34]
86
[34]
87
[82]
90
[34]
91
[162,163]
92
[176]
93
[34]
94
[87]
96
[89,90]
98
[34]
100
[34]
103
[34]
104
[98]
112
[99]
106
[34]
108
[34]
110
[34]
115
[34]
116
[34]
117
[34]
118
[34,108]
119
[34]
120
[34]
121
[112,113,114]
122
[115]
123
[118,112,152]
124
[119,154,155,156,157,158,159,160]
125
[120,131,132,133,134,135,136,137,138,139,140]
126
[141,142]
128
[112,144,145]
129
[143]
130
[112,147,150]
131
[146]
132
[148,181]
133
[153]
130
[161]
141
[164,165,166,167,168,169,170,171,172,173,174]
142
[187]
145
[34]
146
[182]
148
[183,184]
149
[185]
150
[186]
151
[186]
152
[34]
153
[34]
