-1
-1
-1
-1
-1
-1
0
2
-1
-1
-1
-1
-1
-1
-1
-1
-1
-1
-1
-1
1
-1
-1
-1
-1
-1
-1
-1
-1
-1
-1
-1
-1
0
-1
-1
-1
-1
-1
-1
-1
-1
-1
-1
-1
-1
3
-1
-1
-1
-1
-1
-1
-1
-1
-1
-1
-1
-1
0
-1
-1
-1
-1
-1
-1
-1
-1
-1
-1
-1
-1
1
-1
-1
-1
-1
-1
13
-1
-1
-1
-1
-1
3
4
-1
-1
-1
-1
-1
-1
-1
-1
-1
-1
-1
-1
1
-1
-1
-1
-1
-1
9
-1
-1
-1
-1
-1
-1
-1
0
-1
1
6
-1
-1
-1
-1
-1
-1
-1
1
5
-1
-1
-1
-1
-1
-1
-1
-1
-1
-1
-1
-1
0
-1
-1
-1
-1
-1
14
-1
-1
-1
-1
-1
-1
-1
1
-1
-1
-1
-1
-1
-1
-1
-1
-1
-1
-1
7
-1
-1
-1
-1
-1
-1
-1
-1
-1
-1
-1
-1
8
-1
-1
-1
-1
-1
-1
-1
-1
-1
-1
-1
-1
9
-1
-1
-1
-1
-1
-1
-1
-1
-1
-1
-1
-1
5
-1
-1
-1
-1
-1
127
-1
-1
-1
-1
-1
-1
6
-1
-1
-1
-1
-1
-1
-1
-1
-1
-1
-1
-1
6
-1
-1
-1
-1
-1
-1
-1
-1
-1
-1
2
-1
10
-1
-1
-1
-1
-1
-1
-1
-1
-1
-1
-1
-1
6
-1
-1
-1
-1
-1
-1
-1
-1
-1
-1
-1
-1
11
-1
-1
-1
-1
-1
-1
-1
-1
-1
-1
2
-1
12
-1
-1
-1
-1
-1
-1
-1
-1
-1
-1
-1
-1
6
-1
-1
-1
-1
-1
24
-1
-1
-1
-1
-1
3
13
-1
-1
-1
-1
-1
-1
-1
-1
-1
-1
-1
-1
7
-1
-1
-1
-1
-1
25
-1
-1
-1
-1
-1
3
14
-1
-1
-1
-1
-1
-1
-1
-1
-1
-1
-1
-1
8
-1
-1
-1
-1
-1
-1
-1
-1
-1
-1
-1
-1
15
-1
-1
-1
-1
-1
-1
-1
-1
-1
-1
2
-1
16
-1
-1
-1
-1
-1
-1
-1
-1
-1
-1
2
-1
17
-1
-1
-1
-1
-1
147
-1
-1
-1
-1
-1
-1
18
-1
-1
-1
-1
-1
32
-1
-1
-1
-1
-1
3
19
-1
-1
-1
-1
-1
-1
-1
-1
-1
-1
-1
-1
8
-1
-1
-1
-1
-1
-1
-1
-1
-1
-1
2
-1
20
-1
-1
-1
-1
-1
-1
-1
-1
-1
-1
-1
-1
-2
-1
-1
-1
-1
-1
-1
-1
-1
-1
-1
-1
-1
9
-1
-1
-1
-1
-1
41
-1
-1
-1
-1
-1
-1
-1
2
-1
9
23
-1
-1
-1
-1
-1
-1
-1
-1
10
-1
-1
-1
-1
-1
40
-1
-1
-1
-1
-1
-1
-1
3
-1
10
25
-1
-1
-1
-1
-1
-1
-1
-1
11
-1
-1
-1
-1
-1
-1
-1
-1
-1
-1
-1
-1
25
-1
-1
-1
-1
-1
-1
-1
-1
-1
-1
-1
-1
26
-1
-1
-1
-1
-1
-1
-1
-1
-1
-1
-1
-1
11
-1
-1
-1
-1
-1
-1
-1
-1
-1
-1
-1
5
27
-1
-1
-1
-1
-1
-1
-1
-1
-1
-1
-1
-1
28
-1
-1
-1
-1
-1
-1
-1
-1
-1
-1
-1
-1
12
-1
-1
-1
-1
-1
49
30
-1
147
-1
-1
-1
-1
4
-1
-1
-1
-1
-1
-1
-1
-1
-1
-1
-1
12
-1
-1
-1
-1
-1
50
-1
-1
-1
-1
-1
-1
-1
5
-1
12
31
-1
-1
-1
-1
-1
-1
-1
-1
12
-1
-1
-1
-1
-1
-1
-1
-1
-1
-1
-1
3
31
-1
-1
-1
-1
-1
-1
-1
-1
-1
-1
-1
-1
20
-1
-1
-1
-1
-1
54
-1
-1
-1
-1
-1
-1
-1
6
-1
-1
-1
-1
-1
-1
-1
-1
-1
-1
-1
15
-1
-1
-1
-1
-1
-1
-1
-1
-1
-1
-1
-1
33
-1
-1
-1
-1
-1
-1
-1
-1
-1
-1
2
-1
34
-1
-1
-1
-1
-1
-1
-1
-1
-1
-1
2
-1
35
-1
-1
-1
-1
-1
-1
-1
-1
-1
-1
-1
-1
15
-1
-1
-1
-1
-1
61
-1
-1
-1
-1
-1
3
36
-1
-1
-1
-1
-1
-1
-1
-1
-1
-1
-1
-1
26
-1
-1
-1
-1
-1
64
-1
-1
-1
-1
-1
-1
-1
7
-1
26
58
-1
-1
-1
-1
-1
-1
-1
-1
16
-1
-1
-1
-1
-1
65
-1
-1
-1
-1
-1
3
38
-1
-1
-1
-1
-1
-1
-1
-1
-1
-1
-1
-1
28
-1
-1
-1
-1
-1
69
-1
-1
-1
-1
-1
-1
-1
8
-1
28
62
-1
-1
-1
-1
-1
-1
-1
-1
25
-1
-1
-1
-1
-1
-1
-1
-1
-1
-1
2
-1
52
-1
-1
-1
-1
-1
-1
-1
-1
-1
-1
2
25
41
-1
-1
-1
-1
-1
-1
-1
-1
-1
-1
-1
-1
25
-1
-1
-1
-1
-1
72
-1
-1
-1
-1
-1
-1
-1
9
-1
-1
-1
-1
-1
-1
-1
-1
-1
-1
-1
25
-1
-1
-1
-1
-1
75
-1
-1
-1
-1
-1
8
43
-1
-1
-1
-1
-1
-1
-1
-1
-1
-1
-1
-1
45
-1
-1
-1
-1
-1
-1
-1
-1
-1
-1
-1
-1
35
-1
-1
-1
-1
-1
77
-1
-1
-1
-1
-1
-1
-1
10
-1
35
71
-1
-1
-1
-1
-1
-1
-1
-1
35
-1
-1
-1
-1
-1
81
-1
-1
-1
-1
-1
3
46
-1
-1
-1
-1
-1
83
-1
-1
-1
-1
-1
-1
-1
11
-1
45
76
-1
-1
-1
-1
-1
-1
-1
-1
45
-1
-1
-1
-1
-1
-1
-1
-1
-1
-1
-1
-1
49
-1
-1
-1
-1
-1
-1
-1
-1
-1
-1
-1
-1
48
-1
-1
-1
-1
-1
88
-1
-1
-1
-1
-1
-1
-1
12
-1
-1
-1
-1
-1
-1
-1
-1
-1
-1
-1
35
-1
-1
-1
-1
-1
-1
-1
-1
-1
-1
-1
-1
54
-1
-1
-1
-1
-1
-1
-1
-1
-1
-1
-1
-1
55
-1
-1
-1
-1
-1
95
-1
-1
-1
-1
6
7
-1
-1
-1
54
-1
88
-1
-1
-1
-1
-1
-1
-1
11
-1
-1
-1
-1
-1
-1
-1
-1
-1
-1
-1
-1
17
-1
-1
-1
-1
-1
-1
-1
-1
-1
-1
-1
-1
-1
13
-1
-1
-1
-1
-1
-1
-1
-1
-1
-1
-1
17
-1
-1
-1
-1
-1
-1
-1
-1
-1
-1
-1
0
2
-1
-1
-1
-1
-1
-1
-1
-1
-1
-1
-1
-1
-1
14
-1
-1
-1
-1
101
-1
-1
-1
-1
-1
-1
-1
15
-1
-1
-1
-1
-1
-1
-1
-1
-1
-1
48
62
17
14
-1
-1
-1
-1
-1
-1
-1
-1
-1
49
63
18
17
-1
-1
-1
-1
-1
-1
-1
-1
-1
16
59
-1
-1
0
0
96
-1
-1
-1
-1
-1
-1
-1
60
-1
-1
55
90
97
-1
-1
-1
-1
-1
-1
-1
60
-1
-1
-1
-1
-1
-1
-1
-1
-1
-1
-1
17
60
-1
-1
-1
-1
-1
-1
-1
-1
-1
-1
-1
-1
0
-1
-1
-1
-1
-1
111
-1
-1
-1
-1
-1
-1
-1
16
-1
-1
-1
-1
-1
-1
-1
-1
-1
-1
-1
33
-1
-1
-1
-1
-1
-1
-1
-1
-1
-1
-1
-1
-1
-1
-1
-1
-1
-1
-1
-1
-1
-1
-1
-1
-1
16
-1
-1
-1
-1
-1
-1
-1
-1
-1
-1
-1
-1
-1
19
-1
-1
-1
-1
-1
-1
-1
-1
-1
18
19
-1
20
-1
16
43
-1
-1
-1
-1
-1
-1
-1
50
66
-1
-1
-1
-1
-1
-1
-1
-1
-1
-1
-1
52
67
-1
-1
-1
-1
-1
-1
-1
-1
-1
-1
-1
53
68
-1
-1
-1
-1
-1
-1
-1
-1
-1
-1
-1
51
69
-1
-1
-1
-1
-1
-1
-1
-1
-1
-1
-1
-1
33
-1
-1
-1
-1
-1
-1
-1
-1
-1
-1
-1
-1
70
-1
-1
-1
-1
-1
-1
-1
-1
-1
-1
-1
-1
40
-1
-1
-1
-1
-1
-1
-1
-1
-1
-1
-1
-1
71
-1
-1
-1
-1
-1
-1
-1
-1
-1
-1
-1
24
72
-1
-1
40
111
116
-1
-1
-1
-1
-1
-1
-1
70
-1
-1
-1
-1
-1
-1
-1
-1
-1
-1
-1
-1
76
-1
-1
-1
-1
-1
-1
-1
-1
-1
-1
-1
-1
73
-1
-1
-1
-1
-1
-1
-1
-1
-1
-1
-1
11
74
-1
-1
-1
-1
-1
-1
-1
-1
-1
-1
-1
-1
78
-1
-1
-1
-1
-1
-1
-1
-1
-1
-1
-1
-1
72
-1
-1
-1
-1
-1
-1
-1
-1
-1
-1
-1
-1
-1
-1
-1
-1
-1
-1
-1
-1
-1
-1
-1
-1
-1
-1
-1
-1
-1
-1
-1
-1
-1
-1
-1
-1
-1
-1
-1
-1
-1
-1
-1
-1
-1
-1
-1
-1
-1
-1
-1
-1
-1
-1
-1
-1
-1
-1
-1
-1
-1
-1
-1
-1
-1
-1
-1
-1
-1
-1
-1
-1
-1
-1
-1
-1
-1
-1
-1
-1
-1
-1
-1
-1
-1
-1
-1
-1
-1
-1
-1
-1
-1
-1
-1
-1
-1
-1
-1
-1
-1
-1
-1
-1
-1
-1
-1
-1
-1
-1
-1
-1
-1
-1
-1
-1
-1
-1
-1
-1
-1
-1
-1
-1
-1
-1
-1
-1
-1
-1
-1
-1
-1
-1
-1
-1
-1
-1
-1
-1
-1
-1
-1
-1
-1
-1
-1
-1
-1
-1
-1
-1
-1
-1
-1
-1
-1
-1
-1
-1
-1
-1
-1
-1
-1
-1
-1
-1
-1
-1
-1
-1
-1
-1
-1
-1
-1
-1
-1
-1
-1
-1
-1
-1
-1
-1
-1
-1
-1
-1
-1
-1
-1
-1
-1
-1
-1
-1
-1
-1
-1
-1
-1
-1
-1
-1
-1
-1
-1
-1
-1
-1
-1
-1
-1
-1
-1
-1
-1
-1
-1
-1
-1
-1
-1
-1
-1
-1
-1
-1
-1
-1
-1
-1
-1
-1
-1
-1
-1
-1
-1
-1
-1
-1
-1
-1
-1
-1
-1
-1
-1
-1
-1
-1
-1
-1
-1
-1
-1
-1
-1
-1
-1
-1
-1
-1
-1
-1
-1
-1
-1
-1
76
-1
-1
-1
-1
-1
-1
-1
-1
-1
-1
12
54
77
-1
-1
40
116
151
-1
-1
-1
-1
-1
-1
-1
78
-1
-1
-1
-1
-1
-1
-1
-1
-1
-1
-1
20
79
-1
-1
-1
-1
-1
-1
-1
-1
-1
-1
-1
12
75
-1
-1
-1
-1
-1
-1
-1
-1
-1
-1
-1
-1
76
-1
-1
-1
-1
-1
-1
-1
-1
-1
-1
-1
21
80
-1
-1
-1
-1
-1
-1
-1
-1
-1
-1
-1
-1
78
-1
-1
-1
-1
-1
-1
-1
-1
-1
-1
-1
-1
78
-1
-1
-1
-1
-1
-1
-1
-1
-1
-1
-1
13
73
-1
-1
-1
-1
-1
-1
-1
-1
-1
-1
-1
-1
78
-1
-1
-1
-1
-1
-1
-1
-1
-1
-1
-1
-1
81
-1
-1
-1
-1
-1
-1
-1
-1
-1
-1
-1
-1
72
-1
-1
-1
-1
-1
-1
-1
-1
-1
-1
-1
-1
-1
-1
-1
-1
-1
-1
134
-1
-1
-1
-1
-1
-1
-1
-1
-1
-1
-1
-1
137
-1
-1
-1
-1
-1
-1
-1
-1
-1
-1
-1
-1
138
-1
-1
-1
-1
-1
-1
-1
-1
-1
-1
-1
-1
139
-1
-1
-1
-1
-1
-1
-1
-1
-1
-1
-1
-1
140
-1
-1
-1
-1
-1
-1
-1
-1
-1
-1
-1
-1
135
-1
-1
-1
-1
-1
-1
-1
-1
-1
-1
-1
-1
-1
-1
-1
-1
-1
-1
-1
51
-1
-1
-1
-1
-1
-1
-1
-1
-1
-1
-1
-1
82
-1
-1
-1
-1
-1
-1
-1
-1
-1
-1
-1
11
83
-1
-1
-1
-1
-1
-1
-1
-1
-1
-1
-1
-1
51
-1
-1
-1
-1
-1
-1
-1
-1
-1
-1
-1
-1
-1
-1
-1
-1
-1
-1
-1
-1
-1
-1
-1
-1
-1
-1
-1
-1
-1
-1
-1
-1
-1
-1
-1
-1
-1
-1
-1
-1
-1
-1
-1
-1
-1
-1
-1
-1
-1
-1
-1
-1
-1
-1
-1
-1
-1
-1
-1
-1
-1
-1
-1
-1
-1
-1
-1
-1
-1
-1
-1
-1
-1
-1
-1
-1
-1
-1
-1
-1
-1
-1
-1
-1
-1
-1
-1
-1
-1
-1
-1
-1
-1
-1
-1
-1
-1
-1
-1
-1
-1
-1
-1
-1
-1
-1
-1
-1
-1
-1
-1
-1
-1
-1
-1
-1
-1
-1
-1
-1
-1
-1
-1
-1
-1
-1
-1
-1
-1
-1
-1
-1
-1
-1
-1
-1
-1
-1
-1
-1
-1
-1
82
-1
-1
-1
-1
-1
143
-1
-1
-1
-1
-1
-1
-1
21
-1
52
-1
177
-1
-1
-1
-1
-1
-1
-1
33
-1
-1
33
66
178
-1
-1
-1
-1
-1
-1
-1
52
-1
-1
-1
-1
-1
-1
-1
-1
-1
-1
9
10
-1
-1
-1
18
-1
180
-1
-1
-1
-1
-1
4
-1
89
-1
-1
-1
-1
-1
-1
-1
-1
-1
-1
-1
22
86
-1
-1
-1
-1
-1
-1
-1
-1
-1
-1
-1
-1
80
-1
-1
-1
-1
-1
-1
-1
-1
-1
-1
-1
-1
88
-1
-1
-1
-1
-1
-1
-1
-1
-1
-1
-1
-1
-1
-1
-1
-1
-1
-1
-1
-1
-1
-1
-1
-1
-1
0
-1
-2
-1
-1
-1
-1
-1
-1
-1
-1
-1
-1
-1
-1
-1
-1
-1
-1
-1
-1
-1
-1
-1
-1
-1
90
-1
-1
-1
-1
-1
